checksum=FB588A5A95BE114C954F8970CBC8C6F1F299ACCB

[config]
ip = 192.168.0.72
port = 1670
channels = 128
generatorCount = 8
amplifierCount = 8
mechanicsCount = 1
minVoltages = 4.8 | 3.0 | 9.0 | -15.1 | 20.0
maxVoltages = 5.5 | 3.7 | 14.9 | -7.0 | 28.0

[backpanel]
SNT.mask = 11111111111111111111111111111111111111111111111111111111111111111111111111111111111111111111111111111111111111111111111111111111
AMP.mask = 11111111111111111111111111111111111111111111111111111111111111111111111111111111111111111111111111111111111111111111111111111111

[amplifier]
version = 2010.9.12.0
type = 2
measures = 4
maxPower = 3

[coeffs0]
frequency = 700000
c0 = 0.067 | 0.358
c1 = 0.001621 | 0.01275
c2 = 0.0245437 | -3.0066
c3 = 0.0245437 | -6.06223
;VADCThreshold = 10
;IADCThreshold = 10
